void setup() {
  size (500,500);
  fill (255,255,0);
  rect (200,200,70,100);
  fill (255,255,0);
  ellipse (200,300,60,40);
  fill (255,255,0);
  ellipse (270,300,60,40);
  fill (255,255,0);
  circle (235,175,80);
  fill (0,0,0);
  ellipse (220,160,10,20);
  fill (0,0,0);
  ellipse (250,160,10,20);
  fill (255,255,0);
  ellipse (203,125,25,80);
  fill (255,255,0);
  ellipse (267,125,25,80);
  fill (0,0,0);
  ellipse (203,100,18,30);
  fill (0,0,0);
  ellipse (267,100,18,30);
  fill (255,0,0);
  stroke (255,0,0);
  rect (205,180,15,10);
  stroke (255,0,0);
  fill (255,0,0);
  rect (255,180,15,10);
  stroke (0,0,0);
  line (220,200,250,200);
  fill (255,255,0);
  ellipse (180,230,80,25);
  fill (255,255,0);
  ellipse (290,230,80,25);
  fill (0,0,0);
  ellipse (156,230,30,20);
  fill (0,0,0);
  ellipse (314,230,30,20);
}
